sumA: [1.5517578125,1.5478515625,1.5625,1.58203125,1.5625,1.57421875,1.5771484375,1.564453125,1.564453125,1.576171875,1.5107421875,1.6884765625,1.578125,1.4755859375,1.814453125,1.7880859375,2.0087890625,2.115234375,1.748046875,1.91796875,1.708984375,1.67578125,1.640625,1.640625,1.693359375,1.4267578125,1.4267578125,1.3271484375,1.357421875,1.1943359375,1.291015625,1.1396484375,1.3271484375,1.216796875,1.5341796875,1.81640625,1.6904296875,1.68359375,1.81640625,1.4658203125,1.68359375,1.37109375,0.916015625,4.1279296875,4.1279296875,3.0419921875,1.5146484375,1.6962890625,1.591796875,1.509765625,1.6220703125,1.494140625,1.5546875,1.509765625,1.509765625,1.5703125],
sumG: [-0.42,-1.75,0.63,1.47,-0.91,-0.42,-0.84,0.77,0.77,1.05,15.89,51.03,58.03,39.06,31.36,23.59,37.66,28.56,8.82,11.55,9.03,-44.73,-57.82,-57.82,-57.47,-9.94,-9.94,21.63,0.56,11.2,-1.26,19.74,21.63,14.14,-26.11,8.82,-5.18,21.14,8.82,-3.64,21.14,-4.76,40.39,-95.9,-95.9,4.62,-110.81,24.15,27.16,-10.92,-6.23,-6.16,-16.31,-10.92,8.26,0.14],
