ax: [-0.087890625,-0.099609375,-0.0947265625,-0.107421875,-0.111328125,-0.0869140625,-0.09375,-0.0986328125,-0.099609375,-0.0986328125,-0.0927734375,-0.095703125,-0.09765625,-0.095703125,-0.09765625,-0.0947265625,-0.09765625,-0.1005859375,-0.0986328125,-0.0947265625,-0.09765625,-0.099609375,-0.095703125,-0.0966796875,-0.09375,-0.095703125,-0.09765625,-0.09375,-0.0927734375,-0.095703125,-0.087890625,-0.0625,-0.046875,-0.0859375,-0.10546875,-0.046875,-0.0947265625,-0.5439453125,-0.4248046875,-0.552734375,-0.451171875,-0.4150390625,-0.423828125,-0.328125,-0.15625,-0.0146484375,0.1240234375,0.2626953125,0.2626953125,0.416015625,0.4384765625,0.3212890625,-1.638671875,-1.638671875,1.150390625,0.4619140625,-0.8291015625,-0.1279296875,-0.1279296875],
ay: [-0.6318359375,-0.6591796875,-0.634765625,-0.658203125,-0.64453125,-0.625,-0.6396484375,-0.6474609375,-0.6513671875,-0.640625,-0.63671875,-0.642578125,-0.6474609375,-0.64453125,-0.6435546875,-0.640625,-0.6416015625,-0.642578125,-0.63671875,-0.63671875,-0.640625,-0.640625,-0.638671875,-0.6533203125,-0.6455078125,-0.6337890625,-0.64453125,-0.626953125,-0.65625,-0.646484375,-0.6416015625,-0.84375,-0.7548828125,-0.6484375,-0.5986328125,-0.7548828125,-0.708984375,-0.7294921875,-0.853515625,-0.548828125,-0.5439453125,-0.5654296875,-0.3642578125,-0.1796875,-0.3955078125,-0.5185546875,-0.486328125,-0.7490234375,-0.7490234375,-0.734375,-0.7900390625,-0.638671875,-0.4462890625,-0.4462890625,-0.625,0.296875,0.15625,-0.2392578125,-0.2392578125],
az: [0.744140625,0.7470703125,0.748046875,0.7431640625,0.7373046875,0.7568359375,0.751953125,0.75,0.751953125,0.7509765625,0.7451171875,0.748046875,0.7490234375,0.748046875,0.7509765625,0.7470703125,0.74609375,0.74609375,0.751953125,0.75390625,0.751953125,0.74609375,0.7529296875,0.7548828125,0.7470703125,0.744140625,0.75,0.7451171875,0.76171875,0.75,0.7529296875,0.95703125,0.8251953125,0.7646484375,0.939453125,0.8251953125,0.9658203125,0.861328125,0.9091796875,0.8330078125,0.7138671875,0.5703125,0.4638671875,0.337890625,0.455078125,0.5830078125,0.5869140625,0.744140625,0.744140625,0.84375,0.8486328125,0.7431640625,0.93359375,0.93359375,2.6201171875,0.6025390625,1.2626953125,1.0107421875,1.0107421875],
