sumA: [1.5263671875,1.5341796875,1.5419921875,1.525390625,1.490234375,1.5166015625,1.490234375,1.50390625,1.47265625,1.50390625,1.4619140625,1.50390625,1.5087890625,1.55078125,1.6083984375,1.5869140625,1.48046875,1.63671875,1.4736328125,1.4736328125,1.7646484375,1.7548828125,1.6494140625,1.673828125,1.701171875,2.19140625,1.755859375,1.3642578125,1.4248046875,1.41015625,1.4375,1.453125,0.9365234375,1.275390625,1.05078125,1.015625,1.1279296875,0.98046875,0.986328125,1.09765625,1.1083984375,1.1591796875,1.1064453125,1.1806640625,1.0888671875,1.0693359375,0.9931640625,1.138671875,1.3134765625,1.2744140625,1.263671875,1.2646484375,1.5185546875,1.53125,1.439453125,1.67578125,1.5234375,1.5009765625,1.60546875,1.60546875,1.53125,1.5107421875,1.578125,1.6396484375,1.5986328125,1.6669921875,1.6435546875,1.6533203125,1.6796875,1.6328125,1.58203125,1.6328125,1.5341796875,1.62109375,1.7001953125,1.7001953125,1.6767578125,1.6533203125,1.6083984375],
sumG: [-1.33,0,0.14,0.7,1.89,1.05,1.89,-1.26,0.42,-1.26,3.01,-0.77,6.93,7.28,7.56,8.05,-5.67,3.64,-8.82,-8.82,-13.44,-21.91,-49.42,-54.25,-61.53,-75.46,-182.63,-30.94,-70.91,-48.37,-52.99,-55.23,-39.2,-67.97,-31.78,-38.92,-7.35,-1.54,0.14,9.52,9.73,-2.94,7.91,-2.59,3.99,0.070000000000007,11.76,54.18,41.02,35.28,51.31,41.3,29.19,37.38,17.57,32.69,29.4,34.86,34.02,34.02,44.38,56.28,60.55,15.33,45.92,7.35,13.79,24.5,27.51,6.93,7.98,6.93,14.42,-4.69,-12.32,-12.32,-14.07,-7.77,-1.54],
