sumA: [1.3046875,1.3037109375,1.31640625,1.310546875,1.3046875,1.310546875,1.2783203125,1.2783203125,1.296875,1.3095703125,1.3173828125,1.287109375,1.2998046875,1.2958984375,1.2880859375,1.3076171875,1.3935546875,1.3935546875,1.451171875,1.4130859375,1.48828125,1.345703125,1.5087890625,1.3642578125,1.1982421875,1.2265625,1.27734375,1.3583984375,1.2236328125,1.2177734375,1.115234375,1.1220703125,1.0869140625,1.1044921875,1.0927734375,1.1376953125,1.1591796875,1.1318359375,1.119140625,1.1298828125,1.12890625,1.296875,1.1025390625,1.296875,1.34375,1.2890625,1.2607421875,1.392578125,1.4140625,1.4140625,1.3291015625,1.3046875,1.310546875,1.310546875,1.234375],
sumG: [2.31,1.68,4.2,2.73,2.31,-0.35,1.68,1.68,3.85,1.19,1.89,0.7,0.63,3.71,3.22,1.82,-16.03,-16.03,-26.46,-87.01,-67.76,-98.84,-44.38,-112.63,-153.79,-152.81,-147.35,-129.92,-154.77,-156.38,-113.47,-102.83,-96.25,-37.87,-66.64,-8.19,12.6,32.97,59.15,85.96,153.02,167.44,171.85,167.44,144.9,154.98,178.57,20.58,35.28,35.28,10.29,-7.77,-2.1,-2.1,-1.05],
