ax: [-0.732421875,-0.686523438,-0.376953125,-0.415039063,-0.340820313,-0.409179688,-0.436523438,-0.547851563,-0.591796875,-0.547851563,-0.766601563,-0.766601563,-0.876953125,-1.108398438,-0.932617188,-1.09765625,-1.108398438,-1.091796875,-1.094726563,-1.01171875,-0.889648438,-0.780273438],
ay: [1.10546875,1.014648438,0.376953125,0.434570313,0.317382813,0.243164063,0.352539063,0.421875,0.485351563,0.421875,0.620117188,0.620117188,0.643554688,1.036132813,0.71484375,0.995117188,1.036132813,0.96875,0.947265625,1.015625,1.041992188,1.006835938],
az: [0.217773438,0.107421875,0.189453125,0.138671875,0.33203125,0.51171875,0.4609375,0.756835938,0.8671875,0.756835938,0.856445313,0.856445313,0.954101563,0.88671875,1,0.77734375,0.88671875,0.678710938,0.610351563,0.604492188,0.37109375,0.225585938],
gx: [136.01,80.71,-2.87,10.71,4.76,-5.95,-12.32,-15.19,-28.91,-15.19,-61.6,-61.6,-63.98,-63,-61.81,-55.09,-63,-12.25,62.44,137.41,143.99,107.38],
gy: [-121.94,-94.08,37.59,20.86,77.7,95.62,102.55,104.72,101.99,104.72,83.86,83.86,64.19,-27.44,39.41,-51.03,-27.44,-72.38,-99.12,-130.55,-150.99,-141.89],
gz: [136.5,150.22,117.04,137.62,45.64,-45.57,-70.14,-118.23,-140.49,-118.23,-172.41,-172.41,-181.09,-159.04,-185.36,-137.41,-159.04,-100.31,-54.11,17.08,103.74,132.23],
