sumA: [0.590820313,0.435546875,0.189453125,0.158203125,0.30859375,0.345703125,0.376953125,0.630859375,0.760742188,0.630859375,0.709960938,0.709960938,0.720703126,0.814453125,0.782226562,0.674804688,0.814453125,0.555664063,0.462890625,0.608398438,0.5234375,0.452148438],
sumG: [150.57,136.85,151.76,169.19,128.1,44.1,20.09,-28.7,-67.41,-28.7,-150.15,-150.15,-180.88,-249.48,-207.76,-243.53,-249.48,-184.94,-90.79,23.94,96.74,97.72],
