sumA: [-0.390625,-0.388671875,-0.362304688,-0.301757813,-0.301757813,-0.047851562,-0.03515625,-0.0703125,-0.103515624,-0.116210937,-0.109375,-0.118164062,-0.192382812,-0.124023438,-0.345703125,-0.301757812,-0.477539062,-1.293945313,-0.477539062,-0.215820312,-0.477539062,-0.342773438,-0.313476562,0.171875,0.107421875,0.162109375,-0.096679688,0.171875,0.279296875,0.167968751,0.250976563,0.155273437],
sumG: [5.81,11.48,20.3,53.48,53.48,66.57,34.02,52.22,13.65,-13.02,-41.65,-70.07,-122.57,-97.65,-159.04,-229.32,-94.29,-257.39,-94.29,-113.68,-94.29,-56.91,-111.09,154.21,143.36,202.09,29.75,154.21,283.01,298.06,279.16,313.95],
