ax: [0.287109375,0.276367188,0.28125,0.279296875,0.279296875,0.294921875,0.28515625,0.27734375,0.268554688,0.266601563,0.254882813,0.266601563,0.264648438,0.25390625,0.340820313,0.489257813,0.771484375,0.770507813,0.771484375,0.7890625,0.771484375,0.73828125,0.73828125,0.69140625,0.743164063,0.6875,0.7421875,0.69140625,0.6015625,0.467773438,0.344726563,0.4296875],
ay: [-0.927734375,-0.948242188,-0.952148438,-0.950195313,-0.950195313,-0.765625,-0.70703125,-0.745117188,-0.6875,-0.60546875,-0.553710938,-0.557617188,-0.599609375,-0.549804688,-0.721679688,-0.767578125,-1.314453125,-1.838867188,-1.314453125,-1.173828125,-1.314453125,-1.383789063,-1.296875,-0.99609375,-1.088867188,-0.987304688,-1.237304688,-0.99609375,-0.811523438,-0.763671875,-0.532226563,-0.727539063],
az: [0.25,0.283203125,0.30859375,0.369140625,0.369140625,0.422851563,0.38671875,0.397460938,0.315429688,0.22265625,0.189453125,0.172851563,0.142578125,0.171875,0.03515625,-0.0234375,0.065429688,-0.225585938,0.065429688,0.168945313,0.065429688,0.302734375,0.245117188,0.4765625,0.453125,0.461914063,0.3984375,0.4765625,0.489257813,0.463867188,0.438476563,0.453125],
gx: [-0.49,2.1,7.07,25.62,25.62,28.56,15.47,22.19,11.9,11.83,13.37,18.41,24.85,21.07,29.4,-6.16,55.3,-53.34,55.3,-8.33,55.3,-40.81,-52.71,26.74,15.89,45.64,3.08,26.74,85.19,103.32,129.01,131.25],
gy: [9.59,10.64,12.46,21.07,21.07,42.7,43.75,45.08,39.2,31.08,16.1,0.07,-30.59,-14.49,-53.2,-78.05,-152.6,-123.69,-152.6,-143.08,-152.6,-119.28,-128.03,-40.04,-40.04,-14.84,-101.29,-40.04,44.31,80.08,107.45,89.95],
gz: [-3.29,-1.26,0.77,6.79,6.79,-4.69,-25.2,-15.05,-37.45,-55.93,-71.12,-88.55,-116.83,-104.23,-135.24,-145.11,3.01,-80.36,3.01,37.73,3.01,103.18,69.65,167.51,167.51,171.29,127.96,167.51,153.51,114.66,42.7,92.75],
